Wed Oct  8 05:18:45 UTC 2025
